0.0513 0.6996
-0.0927 0.6849
-0.2137 0.6923
-0.3750 0.5022
-0.5132 0.4656
-0.5248 0.2098
-0.3980 0.0344
-0.3059 -0.1923
0.0167 -0.4042
0.1319 -0.5139
0.3854 -0.5651
0.5294 -0.5212
0.6388 -0.2434
0.7368 -0.1849
0.5467 0.4876
0.3220 0.5826
0.1665 0.5387
-0.0467 0.8165
-0.1734 0.6996
-0.4787 0.6338
-0.6054 0.5972
-0.6285 0.3341
-0.5939 0.0051
-0.4211 -0.2727
-0.1158 -0.3969
0.2010 -0.6016
0.4660 -0.5358
0.6734 -0.5358
-0.1388 0.5461
-0.2944 0.7800
-0.2656 0.9627
-0.1619 0.8019
-0.1734 0.6484
-0.2828 0.4729
-0.3635 0.3121
-0.3001 0.0270
-0.2367 -0.2142
-0.0639 -0.1849
0.0628 -0.1630
0.2298 -0.4116
0.2932 -0.2288
0.4833 -0.1849
0.6446 -0.1411
0.4602 0.0124
0.6273 0.1586
0.5755 0.2683
0.7252 0.4437
0.2241 0.5241
0.4430 0.6703
0.3220 0.6923
0.1377 0.5753
-0.0063 0.3998
-0.0927 0.5534
-0.2079 0.3560
-0.2079 0.1732
-0.4384 0.2171
-0.2195 -0.0168
-0.1388 -0.2727
0.1838 0.9335
0.2241 0.7800
0.2990 0.6191
0.5063 0.7580
0.6158 0.7288
0.6043 0.5972
0.7655 0.5022
0.9268 0.3633
0.8232 0.2756
0.9614 0.0855
0.9384 0.0124
0.8635 -0.0826
0.8980 -0.2069
0.8520 -0.3677
0.8289 -0.5212
0.7944 -0.5577
0.5927 -0.7405
0.5179 -0.5943
0.4660 -0.4189
0.3508 -0.5797
0.2874 -0.7697
0.0858 -0.7551
0.1492 -0.5797
-0.1331 -0.4481
-0.4096 -0.4116
-0.3923 -0.2580
-0.7437 -0.2580
-0.6976 0.0417
-0.7552 0.2902
-0.6976 0.6849
-0.4038 0.7069
-0.3808 0.9189
-0.5075 0.9042
-0.5478 0.7069
0.1031 0.7800
0.0570 0.9189
-0.1043 0.9920
-0.0812 1.1089
0.2874 1.0870
0.3969 0.8238
0.6388 0.8896
0.8232 0.6630
0.6734 0.6411
1.0709 0.1002
-0.0467 -0.5797
-0.2367 -0.6382
-0.1504 -0.3677
-0.4902 -0.3019
-0.4672 -0.1338
-0.2886 -0.0607
-0.6112 -0.0680
-0.6630 -0.2142
-0.5997 -0.4189
-0.7264 -0.0826
-0.8301 0.3121
-0.7206 0.5387
-0.5939 0.4949
-0.4844 0.9993
-0.0063 0.9993
0.6327 -0.0306
