17.5920
9.1302
13.6620
11.8540
6.8233
11.8860
4.3483
12.0000
6.5987
3.8166
3.2522
15.5050
3.1551
7.2258
0.7162
3.5129
5.3048
0.5608
3.6518
5.3893
3.1386
21.7670
4.2630
5.1875
3.0825
22.6380
13.5010
7.0467
14.6920
24.1470
-1.2200
5.9966
12.1340
1.8495
6.5426
4.5623
4.1164
3.3928
10.1170
5.4974
0.5566
3.9115
5.3854
2.4406
6.7318
1.0463
5.1337
1.8440
8.0043
1.0179
6.7504
1.8396
4.2885
4.9981
1.4233
-1.4211
2.4756
4.6042
3.9624
5.4141
5.1694
-0.7428
17.9290
12.0540
17.0540
4.8852
5.7442
7.7754
1.0173
20.9920
6.6799
4.0259
1.2784
3.3411
-2.6807
0.2968
3.8845
5.7014
6.7526
2.0576
0.4795
0.2042
0.6786
7.5435
5.3436
4.2415
6.7981
0.9270
0.1520
2.8214
1.8451
4.2959
7.2029
1.9869
0.1445
9.0551
0.6170
