6.1101
5.5277
8.5186
7.0032
5.8598
8.3829
7.4764
8.5781
6.4862
5.0546
5.7107
14.1640
5.7340
8.4084
5.6407
5.3794
6.3654
5.1301
6.4296
7.0708
6.1891
20.2700
5.4901
6.3261
5.5649
18.9450
12.8280
10.9570
13.1760
22.2030
5.2524
6.5894
9.2482
5.8918
8.2111
7.9334
8.0959
5.6063
12.8360
6.3534
5.4069
6.8825
11.7080
5.7737
7.8247
7.0931
5.0702
5.8014
11.7000
5.5416
7.5402
5.3077
7.4239
7.6031
6.3328
6.3589
6.2742
5.6397
9.3102
9.4536
8.8254
5.1793
21.2790
14.9080
18.9590
7.2182
8.2951
10.2360
5.4994
20.3410
10.1360
7.3345
6.0062
7.2259
5.0269
6.5479
7.5386
5.0365
10.2740
5.1077
5.7292
5.1884
6.3557
9.7687
6.5159
8.5172
9.1802
6.0020
5.5204
5.0594
5.7077
7.6366
5.8707
5.3054
8.2934
13.3940
5.4369
