1.0000 0.0513 0.6996 0.0026 0.0359 0.4894 0.0001 0.0018 0.0251 0.3424 0.0000 0.0001 0.0013 0.0176 0.2395 0.0000 0.0000 0.0001 0.0009 0.0123 0.1675 0.0000 0.0000 0.0000 0.0000 0.0006 0.0086 0.1172
1.0000 -0.0927 0.6849 0.0086 -0.0635 0.4691 -0.0008 0.0059 -0.0435 0.3213 0.0001 -0.0005 0.0040 -0.0298 0.2201 -0.0000 0.0001 -0.0004 0.0028 -0.0204 0.1508 0.0000 -0.0000 0.0000 -0.0003 0.0019 -0.0140 0.1033
1.0000 -0.2137 0.6923 0.0457 -0.1479 0.4792 -0.0098 0.0316 -0.1024 0.3317 0.0021 -0.0068 0.0219 -0.0709 0.2296 -0.0004 0.0014 -0.0047 0.0152 -0.0491 0.1590 0.0001 -0.0003 0.0010 -0.0032 0.0105 -0.0340 0.1100
1.0000 -0.3750 0.5022 0.1406 -0.1883 0.2522 -0.0527 0.0706 -0.0946 0.1266 0.0198 -0.0265 0.0355 -0.0475 0.0636 -0.0074 0.0099 -0.0133 0.0178 -0.0239 0.0319 0.0028 -0.0037 0.0050 -0.0067 0.0089 -0.0120 0.0160
1.0000 -0.5132 0.4656 0.2634 -0.2390 0.2168 -0.1352 0.1227 -0.1113 0.1010 0.0694 -0.0630 0.0571 -0.0518 0.0470 -0.0356 0.0323 -0.0293 0.0266 -0.0241 0.0219 0.0183 -0.0166 0.0150 -0.0137 0.0124 -0.0112 0.0102
1.0000 -0.5248 0.2098 0.2754 -0.1101 0.0440 -0.1445 0.0578 -0.0231 0.0092 0.0758 -0.0303 0.0121 -0.0048 0.0019 -0.0398 0.0159 -0.0064 0.0025 -0.0010 0.0004 0.0209 -0.0083 0.0033 -0.0013 0.0005 -0.0002 0.0001
1.0000 -0.3980 0.0344 0.1584 -0.0137 0.0012 -0.0631 0.0054 -0.0005 0.0000 0.0251 -0.0022 0.0002 -0.0000 0.0000 -0.0100 0.0009 -0.0001 0.0000 -0.0000 0.0000 0.0040 -0.0003 0.0000 -0.0000 0.0000 -0.0000 0.0000
1.0000 -0.3059 -0.1923 0.0936 0.0588 0.0370 -0.0286 -0.0180 -0.0113 -0.0071 0.0088 0.0055 0.0035 0.0022 0.0014 -0.0027 -0.0017 -0.0011 -0.0007 -0.0004 -0.0003 0.0008 0.0005 0.0003 0.0002 0.0001 0.0001 0.0001
1.0000 0.0167 -0.4042 0.0003 -0.0068 0.1634 0.0000 -0.0001 0.0027 -0.0661 0.0000 -0.0000 0.0000 -0.0011 0.0267 0.0000 -0.0000 0.0000 -0.0000 0.0004 -0.0108 0.0000 -0.0000 0.0000 -0.0000 0.0000 -0.0002 0.0044
1.0000 0.1319 -0.5139 0.0174 -0.0678 0.2641 0.0023 -0.0089 0.0348 -0.1357 0.0003 -0.0012 0.0046 -0.0179 0.0697 0.0000 -0.0002 0.0006 -0.0024 0.0092 -0.0358 0.0000 -0.0000 0.0001 -0.0003 0.0012 -0.0047 0.0184
1.0000 0.3854 -0.5651 0.1485 -0.2178 0.3193 0.0572 -0.0839 0.1230 -0.1804 0.0221 -0.0323 0.0474 -0.0695 0.1019 0.0085 -0.0125 0.0183 -0.0268 0.0393 -0.0576 0.0033 -0.0048 0.0070 -0.0103 0.0151 -0.0222 0.0326
1.0000 0.5294 -0.5212 0.2802 -0.2759 0.2716 0.1484 -0.1461 0.1438 -0.1416 0.0785 -0.0773 0.0761 -0.0750 0.0738 0.0416 -0.0409 0.0403 -0.0397 0.0391 -0.0385 0.0220 -0.0217 0.0213 -0.0210 0.0207 -0.0204 0.0200
1.0000 0.6388 -0.2434 0.4081 -0.1555 0.0593 0.2607 -0.0993 0.0379 -0.0144 0.1665 -0.0635 0.0242 -0.0092 0.0035 0.1064 -0.0405 0.0154 -0.0059 0.0022 -0.0009 0.0680 -0.0259 0.0099 -0.0038 0.0014 -0.0005 0.0002
1.0000 0.7368 -0.1849 0.5428 -0.1363 0.0342 0.3999 -0.1004 0.0252 -0.0063 0.2946 -0.0740 0.0186 -0.0047 0.0012 0.2171 -0.0545 0.0137 -0.0034 0.0009 -0.0002 0.1599 -0.0401 0.0101 -0.0025 0.0006 -0.0002 0.0000
1.0000 0.5467 0.4876 0.2988 0.2665 0.2377 0.1634 0.1457 0.1300 0.1159 0.0893 0.0797 0.0710 0.0634 0.0565 0.0488 0.0435 0.0388 0.0346 0.0309 0.0276 0.0267 0.0238 0.0212 0.0189 0.0169 0.0151 0.0134
1.0000 0.3220 0.5826 0.1037 0.1876 0.3394 0.0334 0.0604 0.1093 0.1977 0.0108 0.0195 0.0352 0.0637 0.1152 0.0035 0.0063 0.0113 0.0205 0.0371 0.0671 0.0011 0.0020 0.0036 0.0066 0.0119 0.0216 0.0391
1.0000 0.1665 0.5387 0.0277 0.0897 0.2902 0.0046 0.0149 0.0483 0.1564 0.0008 0.0025 0.0080 0.0260 0.0842 0.0001 0.0004 0.0013 0.0043 0.0140 0.0454 0.0000 0.0001 0.0002 0.0007 0.0023 0.0076 0.0244
1.0000 -0.0467 0.8165 0.0022 -0.0381 0.6667 -0.0001 0.0018 -0.0311 0.5444 0.0000 -0.0001 0.0015 -0.0254 0.4445 -0.0000 0.0000 -0.0001 0.0012 -0.0207 0.3629 0.0000 -0.0000 0.0000 -0.0001 0.0010 -0.0169 0.2963
1.0000 -0.1734 0.6996 0.0301 -0.1213 0.4894 -0.0052 0.0210 -0.0849 0.3424 0.0009 -0.0036 0.0147 -0.0594 0.2395 -0.0002 0.0006 -0.0026 0.0103 -0.0415 0.1675 0.0000 -0.0001 0.0004 -0.0018 0.0072 -0.0291 0.1172
1.0000 -0.4787 0.6338 0.2291 -0.3034 0.4017 -0.1097 0.1452 -0.1923 0.2546 0.0525 -0.0695 0.0920 -0.1219 0.1613 -0.0251 0.0333 -0.0441 0.0583 -0.0772 0.1022 0.0120 -0.0159 0.0211 -0.0279 0.0370 -0.0489 0.0648
1.0000 -0.6054 0.5972 0.3665 -0.3616 0.3567 -0.2219 0.2189 -0.2159 0.2130 0.1343 -0.1325 0.1307 -0.1290 0.1272 -0.0813 0.0802 -0.0791 0.0781 -0.0770 0.0760 0.0492 -0.0486 0.0479 -0.0473 0.0466 -0.0460 0.0454
1.0000 -0.6285 0.3341 0.3950 -0.2099 0.1116 -0.2482 0.1319 -0.0701 0.0373 0.1560 -0.0829 0.0441 -0.0234 0.0125 -0.0980 0.0521 -0.0277 0.0147 -0.0078 0.0042 0.0616 -0.0328 0.0174 -0.0093 0.0049 -0.0026 0.0014
1.0000 -0.5939 0.0051 0.3527 -0.0030 0.0000 -0.2095 0.0018 -0.0000 0.0000 0.1244 -0.0011 0.0000 -0.0000 0.0000 -0.0739 0.0006 -0.0000 0.0000 -0.0000 0.0000 0.0439 -0.0004 0.0000 -0.0000 0.0000 -0.0000 0.0000
1.0000 -0.4211 -0.2727 0.1773 0.1148 0.0743 -0.0747 -0.0483 -0.0313 -0.0203 0.0314 0.0204 0.0132 0.0085 0.0055 -0.0132 -0.0086 -0.0056 -0.0036 -0.0023 -0.0015 0.0056 0.0036 0.0023 0.0015 0.0010 0.0006 0.0004
1.0000 -0.1158 -0.3969 0.0134 0.0460 0.1576 -0.0016 -0.0053 -0.0182 -0.0625 0.0002 0.0006 0.0021 0.0072 0.0248 -0.0000 -0.0001 -0.0002 -0.0008 -0.0029 -0.0099 0.0000 0.0000 0.0000 0.0001 0.0003 0.0011 0.0039
1.0000 0.2010 -0.6016 0.0404 -0.1209 0.3619 0.0081 -0.0243 0.0728 -0.2177 0.0016 -0.0049 0.0146 -0.0438 0.1310 0.0003 -0.0010 0.0029 -0.0088 0.0263 -0.0788 0.0001 -0.0002 0.0006 -0.0018 0.0053 -0.0158 0.0474
1.0000 0.4660 -0.5358 0.2172 -0.2497 0.2871 0.1012 -0.1164 0.1338 -0.1538 0.0472 -0.0542 0.0623 -0.0717 0.0824 0.0220 -0.0253 0.0291 -0.0334 0.0384 -0.0442 0.0102 -0.0118 0.0135 -0.0156 0.0179 -0.0206 0.0237
1.0000 0.6734 -0.5358 0.4535 -0.3608 0.2871 0.3054 -0.2430 0.1933 -0.1538 0.2056 -0.1636 0.1302 -0.1036 0.0824 0.1385 -0.1102 0.0877 -0.0698 0.0555 -0.0442 0.0932 -0.0742 0.0590 -0.0470 0.0374 -0.0297 0.0237
1.0000 -0.1388 0.5461 0.0193 -0.0758 0.2982 -0.0027 0.0105 -0.0414 0.1628 0.0004 -0.0015 0.0057 -0.0226 0.0889 -0.0001 0.0002 -0.0008 0.0031 -0.0123 0.0485 0.0000 -0.0000 0.0001 -0.0004 0.0017 -0.0067 0.0265
1.0000 -0.2944 0.7800 0.0866 -0.2296 0.6084 -0.0255 0.0676 -0.1791 0.4745 0.0075 -0.0199 0.0527 -0.1397 0.3701 -0.0022 0.0059 -0.0155 0.0411 -0.1089 0.2887 0.0007 -0.0017 0.0046 -0.0121 0.0321 -0.0850 0.2251
1.0000 -0.2656 0.9627 0.0705 -0.2557 0.9268 -0.0187 0.0679 -0.2461 0.8923 0.0050 -0.0180 0.0654 -0.2369 0.8590 -0.0013 0.0048 -0.0174 0.0629 -0.2281 0.8270 0.0004 -0.0013 0.0046 -0.0167 0.0606 -0.2196 0.7962
1.0000 -0.1619 0.8019 0.0262 -0.1298 0.6430 -0.0042 0.0210 -0.1041 0.5157 0.0007 -0.0034 0.0168 -0.0835 0.4135 -0.0001 0.0006 -0.0027 0.0135 -0.0669 0.3316 0.0000 -0.0001 0.0004 -0.0022 0.0108 -0.0537 0.2659
1.0000 -0.1734 0.6484 0.0301 -0.1124 0.4204 -0.0052 0.0195 -0.0729 0.2726 0.0009 -0.0034 0.0126 -0.0473 0.1767 -0.0002 0.0006 -0.0022 0.0082 -0.0306 0.1146 0.0000 -0.0001 0.0004 -0.0014 0.0053 -0.0199 0.0743
1.0000 -0.2828 0.4729 0.0800 -0.1338 0.2237 -0.0226 0.0378 -0.0633 0.1058 0.0064 -0.0107 0.0179 -0.0299 0.0500 -0.0018 0.0030 -0.0051 0.0085 -0.0142 0.0237 0.0005 -0.0009 0.0014 -0.0024 0.0040 -0.0067 0.0112
1.0000 -0.3635 0.3121 0.1321 -0.1135 0.0974 -0.0480 0.0412 -0.0354 0.0304 0.0175 -0.0150 0.0129 -0.0111 0.0095 -0.0063 0.0054 -0.0047 0.0040 -0.0035 0.0030 0.0023 -0.0020 0.0017 -0.0015 0.0013 -0.0011 0.0009
1.0000 -0.3001 0.0270 0.0901 -0.0081 0.0007 -0.0270 0.0024 -0.0002 0.0000 0.0081 -0.0007 0.0001 -0.0000 0.0000 -0.0024 0.0002 -0.0000 0.0000 -0.0000 0.0000 0.0007 -0.0001 0.0000 -0.0000 0.0000 -0.0000 0.0000
1.0000 -0.2367 -0.2142 0.0561 0.0507 0.0459 -0.0133 -0.0120 -0.0109 -0.0098 0.0031 0.0028 0.0026 0.0023 0.0021 -0.0007 -0.0007 -0.0006 -0.0006 -0.0005 -0.0005 0.0002 0.0002 0.0001 0.0001 0.0001 0.0001 0.0001
1.0000 -0.0639 -0.1849 0.0041 0.0118 0.0342 -0.0003 -0.0008 -0.0022 -0.0063 0.0000 0.0000 0.0001 0.0004 0.0012 -0.0000 -0.0000 -0.0000 -0.0000 -0.0001 -0.0002 0.0000 0.0000 0.0000 0.0000 0.0000 0.0000 0.0000
1.0000 0.0628 -0.1630 0.0039 -0.0102 0.0266 0.0002 -0.0006 0.0017 -0.0043 0.0000 -0.0000 0.0001 -0.0003 0.0007 0.0000 -0.0000 0.0000 -0.0000 0.0000 -0.0001 0.0000 -0.0000 0.0000 -0.0000 0.0000 -0.0000 0.0000
1.0000 0.2298 -0.4116 0.0528 -0.0946 0.1694 0.0121 -0.0217 0.0389 -0.0697 0.0028 -0.0050 0.0089 -0.0160 0.0287 0.0006 -0.0011 0.0021 -0.0037 0.0066 -0.0118 0.0001 -0.0003 0.0005 -0.0008 0.0015 -0.0027 0.0049
1.0000 0.2932 -0.2288 0.0860 -0.0671 0.0523 0.0252 -0.0197 0.0153 -0.0120 0.0074 -0.0058 0.0045 -0.0035 0.0027 0.0022 -0.0017 0.0013 -0.0010 0.0008 -0.0006 0.0006 -0.0005 0.0004 -0.0003 0.0002 -0.0002 0.0001
1.0000 0.4833 -0.1849 0.2336 -0.0894 0.0342 0.1129 -0.0432 0.0165 -0.0063 0.0546 -0.0209 0.0080 -0.0031 0.0012 0.0264 -0.0101 0.0039 -0.0015 0.0006 -0.0002 0.0127 -0.0049 0.0019 -0.0007 0.0003 -0.0001 0.0000
1.0000 0.6446 -0.1411 0.4155 -0.0909 0.0199 0.2678 -0.0586 0.0128 -0.0028 0.1726 -0.0378 0.0083 -0.0018 0.0004 0.1113 -0.0244 0.0053 -0.0012 0.0003 -0.0001 0.0717 -0.0157 0.0034 -0.0008 0.0002 -0.0000 0.0000
1.0000 0.4602 0.0124 0.2118 0.0057 0.0002 0.0975 0.0026 0.0001 0.0000 0.0449 0.0012 0.0000 0.0000 0.0000 0.0207 0.0006 0.0000 0.0000 0.0000 0.0000 0.0095 0.0003 0.0000 0.0000 0.0000 0.0000 0.0000
1.0000 0.6273 0.1586 0.3935 0.0995 0.0252 0.2468 0.0624 0.0158 0.0040 0.1548 0.0392 0.0099 0.0025 0.0006 0.0971 0.0246 0.0062 0.0016 0.0004 0.0001 0.0609 0.0154 0.0039 0.0010 0.0002 0.0001 0.0000
1.0000 0.5755 0.2683 0.3312 0.1544 0.0720 0.1906 0.0888 0.0414 0.0193 0.1097 0.0511 0.0238 0.0111 0.0052 0.0631 0.0294 0.0137 0.0064 0.0030 0.0014 0.0363 0.0169 0.0079 0.0037 0.0017 0.0008 0.0004
1.0000 0.7252 0.4437 0.5260 0.3218 0.1969 0.3814 0.2334 0.1428 0.0874 0.2766 0.1692 0.1035 0.0634 0.0388 0.2006 0.1227 0.0751 0.0459 0.0281 0.0172 0.1455 0.0890 0.0545 0.0333 0.0204 0.0125 0.0076
1.0000 0.2241 0.5241 0.0502 0.1174 0.2747 0.0113 0.0263 0.0616 0.1440 0.0025 0.0059 0.0138 0.0323 0.0755 0.0006 0.0013 0.0031 0.0072 0.0169 0.0396 0.0001 0.0003 0.0007 0.0016 0.0038 0.0089 0.0207
1.0000 0.4430 0.6703 0.1962 0.2969 0.4493 0.0869 0.1315 0.1990 0.3012 0.0385 0.0583 0.0882 0.1334 0.2019 0.0171 0.0258 0.0391 0.0591 0.0894 0.1353 0.0076 0.0114 0.0173 0.0262 0.0396 0.0599 0.0907
1.0000 0.3220 0.6923 0.1037 0.2229 0.4792 0.0334 0.0718 0.1543 0.3317 0.0108 0.0231 0.0497 0.1068 0.2296 0.0035 0.0074 0.0160 0.0344 0.0739 0.1590 0.0011 0.0024 0.0052 0.0111 0.0238 0.0512 0.1100
1.0000 0.1377 0.5753 0.0190 0.0792 0.3310 0.0026 0.0109 0.0456 0.1904 0.0004 0.0015 0.0063 0.0262 0.1095 0.0000 0.0002 0.0009 0.0036 0.0151 0.0630 0.0000 0.0000 0.0001 0.0005 0.0021 0.0087 0.0363
1.0000 -0.0063 0.3998 0.0000 -0.0025 0.1599 -0.0000 0.0000 -0.0010 0.0639 0.0000 -0.0000 0.0000 -0.0004 0.0256 -0.0000 0.0000 -0.0000 0.0000 -0.0002 0.0102 0.0000 -0.0000 0.0000 -0.0000 0.0000 -0.0001 0.0041
1.0000 -0.0927 0.5534 0.0086 -0.0513 0.3062 -0.0008 0.0048 -0.0284 0.1694 0.0001 -0.0004 0.0026 -0.0157 0.0938 -0.0000 0.0000 -0.0002 0.0015 -0.0087 0.0519 0.0000 -0.0000 0.0000 -0.0001 0.0008 -0.0048 0.0287
1.0000 -0.2079 0.3560 0.0432 -0.0740 0.1267 -0.0090 0.0154 -0.0264 0.0451 0.0019 -0.0032 0.0055 -0.0094 0.0161 -0.0004 0.0007 -0.0011 0.0020 -0.0033 0.0057 0.0001 -0.0001 0.0002 -0.0004 0.0007 -0.0012 0.0020
1.0000 -0.2079 0.1732 0.0432 -0.0360 0.0300 -0.0090 0.0075 -0.0062 0.0052 0.0019 -0.0016 0.0013 -0.0011 0.0009 -0.0004 0.0003 -0.0003 0.0002 -0.0002 0.0002 0.0001 -0.0001 0.0001 -0.0000 0.0000 -0.0000 0.0000
1.0000 -0.4384 0.2171 0.1922 -0.0952 0.0471 -0.0842 0.0417 -0.0207 0.0102 0.0369 -0.0183 0.0091 -0.0045 0.0022 -0.0162 0.0080 -0.0040 0.0020 -0.0010 0.0005 0.0071 -0.0035 0.0017 -0.0009 0.0004 -0.0002 0.0001
1.0000 -0.2195 -0.0168 0.0482 0.0037 0.0003 -0.0106 -0.0008 -0.0001 -0.0000 0.0023 0.0002 0.0000 0.0000 0.0000 -0.0005 -0.0000 -0.0000 -0.0000 -0.0000 -0.0000 0.0001 0.0000 0.0000 0.0000 0.0000 0.0000 0.0000
1.0000 -0.1388 -0.2727 0.0193 0.0379 0.0743 -0.0027 -0.0053 -0.0103 -0.0203 0.0004 0.0007 0.0014 0.0028 0.0055 -0.0001 -0.0001 -0.0002 -0.0004 -0.0008 -0.0015 0.0000 0.0000 0.0000 0.0001 0.0001 0.0002 0.0004
1.0000 0.1838 0.9335 0.0338 0.1715 0.8714 0.0062 0.0315 0.1601 0.8134 0.0011 0.0058 0.0294 0.1495 0.7593 0.0002 0.0011 0.0054 0.0275 0.1395 0.7088 0.0000 0.0002 0.0010 0.0050 0.0256 0.1302 0.6617
1.0000 0.2241 0.7800 0.0502 0.1748 0.6084 0.0113 0.0392 0.1363 0.4745 0.0025 0.0088 0.0305 0.1063 0.3701 0.0006 0.0020 0.0068 0.0238 0.0829 0.2887 0.0001 0.0004 0.0015 0.0053 0.0186 0.0647 0.2251
1.0000 0.2990 0.6191 0.0894 0.1851 0.3833 0.0267 0.0553 0.1146 0.2373 0.0080 0.0165 0.0343 0.0710 0.1470 0.0024 0.0049 0.0102 0.0212 0.0439 0.0910 0.0007 0.0015 0.0031 0.0063 0.0131 0.0272 0.0563
1.0000 0.5063 0.7580 0.2564 0.3838 0.5746 0.1298 0.1943 0.2910 0.4356 0.0657 0.0984 0.1473 0.2206 0.3302 0.0333 0.0498 0.0746 0.1117 0.1672 0.2503 0.0169 0.0252 0.0378 0.0565 0.0847 0.1267 0.1897
1.0000 0.6158 0.7288 0.3792 0.4488 0.5311 0.2335 0.2764 0.3271 0.3871 0.1438 0.1702 0.2014 0.2384 0.2821 0.0885 0.1048 0.1240 0.1468 0.1737 0.2056 0.0545 0.0645 0.0764 0.0904 0.1070 0.1266 0.1498
1.0000 0.6043 0.5972 0.3651 0.3609 0.3567 0.2206 0.2181 0.2155 0.2130 0.1333 0.1318 0.1302 0.1287 0.1272 0.0806 0.0796 0.0787 0.0778 0.0769 0.0760 0.0487 0.0481 0.0476 0.0470 0.0464 0.0459 0.0454
1.0000 0.7655 0.5022 0.5861 0.3845 0.2522 0.4487 0.2943 0.1931 0.1266 0.3435 0.2253 0.1478 0.0970 0.0636 0.2629 0.1725 0.1132 0.0742 0.0487 0.0319 0.2013 0.1320 0.0866 0.0568 0.0373 0.0245 0.0160
1.0000 0.9268 0.3633 0.8590 0.3367 0.1320 0.7962 0.3121 0.1223 0.0480 0.7379 0.2893 0.1134 0.0444 0.0174 0.6839 0.2681 0.1051 0.0412 0.0161 0.0063 0.6339 0.2485 0.0974 0.0382 0.0150 0.0059 0.0023
1.0000 0.8232 0.2756 0.6776 0.2268 0.0759 0.5578 0.1867 0.0625 0.0209 0.4591 0.1537 0.0515 0.0172 0.0058 0.3779 0.1265 0.0424 0.0142 0.0047 0.0016 0.3111 0.1042 0.0349 0.0117 0.0039 0.0013 0.0004
1.0000 0.9614 0.0855 0.9243 0.0822 0.0073 0.8886 0.0791 0.0070 0.0006 0.8543 0.0760 0.0068 0.0006 0.0001 0.8214 0.0731 0.0065 0.0006 0.0001 0.0000 0.7897 0.0702 0.0062 0.0006 0.0000 0.0000 0.0000
1.0000 0.9384 0.0124 0.8805 0.0117 0.0002 0.8262 0.0109 0.0001 0.0000 0.7753 0.0103 0.0001 0.0000 0.0000 0.7275 0.0096 0.0001 0.0000 0.0000 0.0000 0.6827 0.0090 0.0001 0.0000 0.0000 0.0000 0.0000
1.0000 0.8635 -0.0826 0.7456 -0.0713 0.0068 0.6438 -0.0616 0.0059 -0.0006 0.5559 -0.0532 0.0051 -0.0005 0.0000 0.4800 -0.0459 0.0044 -0.0004 0.0000 -0.0000 0.4145 -0.0397 0.0038 -0.0004 0.0000 -0.0000 0.0000
1.0000 0.8980 -0.2069 0.8065 -0.1858 0.0428 0.7242 -0.1668 0.0384 -0.0089 0.6504 -0.1498 0.0345 -0.0080 0.0018 0.5841 -0.1345 0.0310 -0.0071 0.0016 -0.0004 0.5245 -0.1208 0.0278 -0.0064 0.0015 -0.0003 0.0001
1.0000 0.8520 -0.3677 0.7258 -0.3133 0.1352 0.6184 -0.2669 0.1152 -0.0497 0.5268 -0.2274 0.0981 -0.0424 0.0183 0.4488 -0.1937 0.0836 -0.0361 0.0156 -0.0067 0.3824 -0.1650 0.0712 -0.0307 0.0133 -0.0057 0.0025
1.0000 0.8289 -0.5212 0.6871 -0.4320 0.2716 0.5696 -0.3581 0.2252 -0.1416 0.4721 -0.2969 0.1867 -0.1174 0.0738 0.3913 -0.2461 0.1547 -0.0973 0.0612 -0.0385 0.3244 -0.2040 0.1283 -0.0806 0.0507 -0.0319 0.0200
1.0000 0.7944 -0.5577 0.6310 -0.4430 0.3111 0.5012 -0.3519 0.2471 -0.1735 0.3982 -0.2796 0.1963 -0.1378 0.0968 0.3163 -0.2221 0.1559 -0.1095 0.0769 -0.0540 0.2512 -0.1764 0.1239 -0.0870 0.0611 -0.0429 0.0301
1.0000 0.5927 -0.7405 0.3513 -0.4389 0.5483 0.2083 -0.2602 0.3250 -0.4060 0.1234 -0.1542 0.1927 -0.2407 0.3007 0.0732 -0.0914 0.1142 -0.1427 0.1782 -0.2227 0.0434 -0.0542 0.0677 -0.0846 0.1056 -0.1320 0.1649
1.0000 0.5179 -0.5943 0.2682 -0.3078 0.3532 0.1389 -0.1594 0.1829 -0.2099 0.0719 -0.0825 0.0947 -0.1087 0.1247 0.0372 -0.0427 0.0491 -0.0563 0.0646 -0.0741 0.0193 -0.0221 0.0254 -0.0292 0.0335 -0.0384 0.0441
1.0000 0.4660 -0.4189 0.2172 -0.1952 0.1754 0.1012 -0.0910 0.0818 -0.0735 0.0472 -0.0424 0.0381 -0.0342 0.0308 0.0220 -0.0198 0.0178 -0.0160 0.0143 -0.0129 0.0102 -0.0092 0.0083 -0.0074 0.0067 -0.0060 0.0054
1.0000 0.3508 -0.5797 0.1231 -0.2034 0.3360 0.0432 -0.0713 0.1179 -0.1948 0.0151 -0.0250 0.0414 -0.0683 0.1129 0.0053 -0.0088 0.0145 -0.0240 0.0396 -0.0655 0.0019 -0.0031 0.0051 -0.0084 0.0139 -0.0230 0.0379
1.0000 0.2874 -0.7697 0.0826 -0.2213 0.5925 0.0237 -0.0636 0.1703 -0.4561 0.0068 -0.0183 0.0490 -0.1311 0.3511 0.0020 -0.0053 0.0141 -0.0377 0.1009 -0.2702 0.0006 -0.0015 0.0040 -0.0108 0.0290 -0.0777 0.2080
1.0000 0.0858 -0.7551 0.0074 -0.0648 0.5702 0.0006 -0.0056 0.0489 -0.4306 0.0001 -0.0005 0.0042 -0.0370 0.3251 0.0000 -0.0000 0.0004 -0.0032 0.0279 -0.2455 0.0000 -0.0000 0.0000 -0.0003 0.0024 -0.0211 0.1854
1.0000 0.1492 -0.5797 0.0223 -0.0865 0.3360 0.0033 -0.0129 0.0501 -0.1948 0.0005 -0.0019 0.0075 -0.0291 0.1129 0.0001 -0.0003 0.0011 -0.0043 0.0168 -0.0655 0.0000 -0.0000 0.0002 -0.0006 0.0025 -0.0098 0.0379
1.0000 -0.1331 -0.4481 0.0177 0.0596 0.2008 -0.0024 -0.0079 -0.0267 -0.0900 0.0003 0.0011 0.0036 0.0120 0.0403 -0.0000 -0.0001 -0.0005 -0.0016 -0.0054 -0.0181 0.0000 0.0000 0.0001 0.0002 0.0007 0.0024 0.0081
1.0000 -0.4096 -0.4116 0.1677 0.1686 0.1694 -0.0687 -0.0690 -0.0694 -0.0697 0.0281 0.0283 0.0284 0.0285 0.0287 -0.0115 -0.0116 -0.0116 -0.0117 -0.0117 -0.0118 0.0047 0.0047 0.0048 0.0048 0.0048 0.0048 0.0049
1.0000 -0.3923 -0.2580 0.1539 0.1012 0.0666 -0.0604 -0.0397 -0.0261 -0.0172 0.0237 0.0156 0.0102 0.0067 0.0044 -0.0093 -0.0061 -0.0040 -0.0026 -0.0017 -0.0011 0.0036 0.0024 0.0016 0.0010 0.0007 0.0004 0.0003
1.0000 -0.7437 -0.2580 0.5530 0.1919 0.0666 -0.4113 -0.1427 -0.0495 -0.0172 0.3058 0.1061 0.0368 0.0128 0.0044 -0.2274 -0.0789 -0.0274 -0.0095 -0.0033 -0.0011 0.1691 0.0587 0.0204 0.0071 0.0025 0.0009 0.0003
1.0000 -0.6976 0.0417 0.4866 -0.0291 0.0017 -0.3395 0.0203 -0.0012 0.0001 0.2368 -0.0141 0.0008 -0.0001 0.0000 -0.1652 0.0099 -0.0006 0.0000 -0.0000 0.0000 0.1152 -0.0069 0.0004 -0.0000 0.0000 -0.0000 0.0000
1.0000 -0.7552 0.2902 0.5703 -0.2192 0.0842 -0.4307 0.1655 -0.0636 0.0244 0.3252 -0.1250 0.0480 -0.0185 0.0071 -0.2456 0.0944 -0.0363 0.0139 -0.0054 0.0021 0.1855 -0.0713 0.0274 -0.0105 0.0040 -0.0016 0.0006
1.0000 -0.6976 0.6849 0.4866 -0.4778 0.4691 -0.3395 0.3333 -0.3273 0.3213 0.2368 -0.2325 0.2283 -0.2242 0.2201 -0.1652 0.1622 -0.1593 0.1564 -0.1535 0.1508 0.1152 -0.1131 0.1111 -0.1091 0.1071 -0.1052 0.1033
1.0000 -0.4038 0.7069 0.1631 -0.2854 0.4997 -0.0658 0.1153 -0.2018 0.3532 0.0266 -0.0465 0.0815 -0.1426 0.2497 -0.0107 0.0188 -0.0329 0.0576 -0.1008 0.1765 0.0043 -0.0076 0.0133 -0.0233 0.0407 -0.0713 0.1247
1.0000 -0.3808 0.9189 0.1450 -0.3499 0.8443 -0.0552 0.1332 -0.3215 0.7758 0.0210 -0.0507 0.1224 -0.2954 0.7128 -0.0080 0.0193 -0.0466 0.1125 -0.2714 0.6550 0.0030 -0.0074 0.0177 -0.0428 0.1033 -0.2494 0.6019
1.0000 -0.5075 0.9042 0.2575 -0.4589 0.8176 -0.1307 0.2329 -0.4149 0.7394 0.0663 -0.1182 0.2106 -0.3752 0.6686 -0.0337 0.0600 -0.1069 0.1904 -0.3393 0.6045 0.0171 -0.0304 0.0542 -0.0966 0.1722 -0.3068 0.5466
1.0000 -0.5478 0.7069 0.3001 -0.3872 0.4997 -0.1644 0.2121 -0.2737 0.3532 0.0901 -0.1162 0.1499 -0.1935 0.2497 -0.0493 0.0637 -0.0821 0.1060 -0.1368 0.1765 0.0270 -0.0349 0.0450 -0.0581 0.0749 -0.0967 0.1247
1.0000 0.1031 0.7800 0.0106 0.0804 0.6084 0.0011 0.0083 0.0627 0.4745 0.0001 0.0009 0.0065 0.0489 0.3701 0.0000 0.0001 0.0007 0.0050 0.0382 0.2887 0.0000 0.0000 0.0001 0.0005 0.0039 0.0298 0.2251
1.0000 0.0570 0.9189 0.0033 0.0524 0.8443 0.0002 0.0030 0.0481 0.7758 0.0000 0.0002 0.0027 0.0442 0.7128 0.0000 0.0000 0.0002 0.0025 0.0407 0.6550 0.0000 0.0000 0.0000 0.0001 0.0023 0.0374 0.6019
1.0000 -0.1043 0.9920 0.0109 -0.1034 0.9840 -0.0011 0.0108 -0.1026 0.9761 0.0001 -0.0011 0.0107 -0.1018 0.9682 -0.0000 0.0001 -0.0011 0.0106 -0.1009 0.9604 0.0000 -0.0000 0.0001 -0.0011 0.0105 -0.1001 0.9527
1.0000 -0.0812 1.1089 0.0066 -0.0901 1.2297 -0.0005 0.0073 -0.0999 1.3636 0.0000 -0.0006 0.0081 -0.1108 1.5121 -0.0000 0.0000 -0.0007 0.0090 -0.1228 1.6767 0.0000 -0.0000 0.0001 -0.0007 0.0100 -0.1362 1.8593
1.0000 0.2874 1.0870 0.0826 0.3124 1.1816 0.0237 0.0898 0.3396 1.2844 0.0068 0.0258 0.0976 0.3692 1.3961 0.0020 0.0074 0.0281 0.1061 0.4013 1.5176 0.0006 0.0021 0.0081 0.0305 0.1153 0.4362 1.6496
1.0000 0.3969 0.8238 0.1575 0.3270 0.6787 0.0625 0.1298 0.2694 0.5591 0.0248 0.0515 0.1069 0.2219 0.4606 0.0098 0.0204 0.0424 0.0881 0.1828 0.3795 0.0039 0.0081 0.0168 0.0350 0.0726 0.1506 0.3126
1.0000 0.6388 0.8896 0.4081 0.5683 0.7914 0.2607 0.3630 0.5056 0.7041 0.1665 0.2319 0.3230 0.4498 0.6264 0.1064 0.1482 0.2063 0.2873 0.4001 0.5572 0.0680 0.0946 0.1318 0.1835 0.2556 0.3560 0.4957
1.0000 0.8232 0.6630 0.6776 0.5458 0.4396 0.5578 0.4493 0.3618 0.2914 0.4591 0.3698 0.2979 0.2399 0.1932 0.3779 0.3044 0.2452 0.1975 0.1591 0.1281 0.3111 0.2506 0.2018 0.1626 0.1309 0.1055 0.0849
1.0000 0.6734 0.6411 0.4535 0.4317 0.4110 0.3054 0.2907 0.2768 0.2635 0.2056 0.1958 0.1864 0.1774 0.1689 0.1385 0.1318 0.1255 0.1195 0.1137 0.1083 0.0932 0.0888 0.0845 0.0805 0.0766 0.0729 0.0694
1.0000 1.0709 0.1002 1.1468 0.1073 0.0100 1.2281 0.1149 0.0107 0.0010 1.3152 0.1230 0.0115 0.0011 0.0001 1.4085 0.1317 0.0123 0.0012 0.0001 0.0000 1.5083 0.1411 0.0132 0.0012 0.0001 0.0000 0.0000
1.0000 -0.0467 -0.5797 0.0022 0.0270 0.3360 -0.0001 -0.0013 -0.0157 -0.1948 0.0000 0.0001 0.0007 0.0091 0.1129 -0.0000 -0.0000 -0.0000 -0.0004 -0.0053 -0.0655 0.0000 0.0000 0.0000 0.0000 0.0002 0.0031 0.0379
1.0000 -0.2367 -0.6382 0.0561 0.1511 0.4072 -0.0133 -0.0358 -0.0964 -0.2599 0.0031 0.0085 0.0228 0.0615 0.1659 -0.0007 -0.0020 -0.0054 -0.0146 -0.0393 -0.1058 0.0002 0.0005 0.0013 0.0034 0.0093 0.0251 0.0675
1.0000 -0.1504 -0.3677 0.0226 0.0553 0.1352 -0.0034 -0.0083 -0.0203 -0.0497 0.0005 0.0012 0.0031 0.0075 0.0183 -0.0001 -0.0002 -0.0005 -0.0011 -0.0027 -0.0067 0.0000 0.0000 0.0001 0.0002 0.0004 0.0010 0.0025
1.0000 -0.4902 -0.3019 0.2403 0.1480 0.0911 -0.1178 -0.0725 -0.0447 -0.0275 0.0577 0.0356 0.0219 0.0135 0.0083 -0.0283 -0.0174 -0.0107 -0.0066 -0.0041 -0.0025 0.0139 0.0085 0.0053 0.0032 0.0020 0.0012 0.0008
1.0000 -0.4672 -0.1338 0.2182 0.0625 0.0179 -0.1020 -0.0292 -0.0084 -0.0024 0.0476 0.0136 0.0039 0.0011 0.0003 -0.0223 -0.0064 -0.0018 -0.0005 -0.0001 -0.0000 0.0104 0.0030 0.0009 0.0002 0.0001 0.0000 0.0000
1.0000 -0.2886 -0.0607 0.0833 0.0175 0.0037 -0.0240 -0.0051 -0.0011 -0.0002 0.0069 0.0015 0.0003 0.0001 0.0000 -0.0020 -0.0004 -0.0001 -0.0000 -0.0000 -0.0000 0.0006 0.0001 0.0000 0.0000 0.0000 0.0000 0.0000
1.0000 -0.6112 -0.0680 0.3735 0.0415 0.0046 -0.2283 -0.0254 -0.0028 -0.0003 0.1395 0.0155 0.0017 0.0002 0.0000 -0.0853 -0.0095 -0.0011 -0.0001 -0.0000 -0.0000 0.0521 0.0058 0.0006 0.0001 0.0000 0.0000 0.0000
1.0000 -0.6630 -0.2142 0.4396 0.1420 0.0459 -0.2915 -0.0942 -0.0304 -0.0098 0.1932 0.0624 0.0202 0.0065 0.0021 -0.1281 -0.0414 -0.0134 -0.0043 -0.0014 -0.0005 0.0849 0.0274 0.0089 0.0029 0.0009 0.0003 0.0001
1.0000 -0.5997 -0.4189 0.3596 0.2512 0.1754 -0.2156 -0.1506 -0.1052 -0.0735 0.1293 0.0903 0.0631 0.0441 0.0308 -0.0775 -0.0542 -0.0378 -0.0264 -0.0185 -0.0129 0.0465 0.0325 0.0227 0.0158 0.0111 0.0077 0.0054
1.0000 -0.7264 -0.0826 0.5276 0.0600 0.0068 -0.3833 -0.0436 -0.0050 -0.0006 0.2784 0.0317 0.0036 0.0004 0.0000 -0.2022 -0.0230 -0.0026 -0.0003 -0.0000 -0.0000 0.1469 0.0167 0.0019 0.0002 0.0000 0.0000 0.0000
1.0000 -0.8301 0.3121 0.6890 -0.2591 0.0974 -0.5719 0.2151 -0.0809 0.0304 0.4747 -0.1785 0.0671 -0.0252 0.0095 -0.3941 0.1482 -0.0557 0.0210 -0.0079 0.0030 0.3271 -0.1230 0.0463 -0.0174 0.0065 -0.0025 0.0009
1.0000 -0.7206 0.5387 0.5193 -0.3882 0.2902 -0.3742 0.2798 -0.2092 0.1564 0.2697 -0.2016 0.1507 -0.1127 0.0842 -0.1943 0.1453 -0.1086 0.0812 -0.0607 0.0454 0.1400 -0.1047 0.0783 -0.0585 0.0437 -0.0327 0.0244
1.0000 -0.5939 0.4949 0.3527 -0.2939 0.2449 -0.2095 0.1745 -0.1454 0.1212 0.1244 -0.1037 0.0864 -0.0720 0.0600 -0.0739 0.0616 -0.0513 0.0427 -0.0356 0.0297 0.0439 -0.0366 0.0305 -0.0254 0.0212 -0.0176 0.0147
1.0000 -0.4844 0.9993 0.2347 -0.4841 0.9985 -0.1137 0.2345 -0.4837 0.9978 0.0551 -0.1136 0.2343 -0.4834 0.9971 -0.0267 0.0550 -0.1135 0.2342 -0.4830 0.9964 0.0129 -0.0267 0.0550 -0.1134 0.2340 -0.4827 0.9956
1.0000 -0.0063 0.9993 0.0000 -0.0063 0.9985 -0.0000 0.0000 -0.0063 0.9978 0.0000 -0.0000 0.0000 -0.0063 0.9971 -0.0000 0.0000 -0.0000 0.0000 -0.0063 0.9964 0.0000 -0.0000 0.0000 -0.0000 0.0000 -0.0063 0.9956
1.0000 0.6327 -0.0306 0.4002 -0.0194 0.0009 0.2532 -0.0123 0.0006 -0.0000 0.1602 -0.0078 0.0004 -0.0000 0.0000 0.1013 -0.0049 0.0002 -0.0000 0.0000 -0.0000 0.0641 -0.0031 0.0002 -0.0000 0.0000 -0.0000 0.0000
